f(20.01) = -2545.768855214119
f(13.0) = 13.988907516002655
f(17.0) = 17.97048145532608
f(109.0) = -8.44753303656324E26
f(1.0) = 323179.4438477792
f(7.0) = 6.999986842274666
