f(20.01) = -172.05592255505906
f(13.0) = -169.92307374639347
f(17.0) = 3451.897213620415
f(109.0) = -3.4466425386794457E13
f(1.0) = 4.000000000000398
f(7.0) = 10.000000000093792
